% Matlab m-File exported from HFSS2016.0.0 
% Note: In three-dimensional arrays, like S(i,j,k), the first index corresponds to the frequency.
%       So, S(N,j,k) is an S(j,k) matrix for frequency N.

f = zeros(111,1);
S = zeros(111,2,2);

f = [1000000000 1100000000 1200000000 1300000000 1400000000 1500000000 1600000000 1700000000 1800000000 1900000000 2000000000 2100000000 2200000000 2300000000 2400000000 2500000000 2600000000 2700000000 2800000000 2900000000 3000000000 3100000000 3200000000 3300000000 3400000000 3500000000 3600000000 3700000000 3800000000 3900000000 4000000000 4100000000 4200000000 4300000000 4400000000 4500000000 4600000000 4700000000 4800000000 4900000000 5000000000 5100000000 5200000000 5300000000 5400000000 5500000000 5600000000 5700000000 5800000000 5900000000 6000000000 6100000000 6200000000 6300000000 6400000000 6500000000 6600000000 6700000000 6800000000 6900000000 7000000000 7100000000 7200000000 7300000000 7400000000 7500000000 7600000000 7700000000 7800000000 7900000000 8000000000 8100000000 8200000000 8300000000 8400000000 8500000000 8600000000 8700000000 8800000000 8900000000 9000000000 9100000000 9200000000 9300000000 9400000000 9500000000 9600000000 9700000000 9800000000 9900000000 10000000000 10100000000 10200000000 10300000000 10400000000 10500000000 10600000000 10700000000 10800000000 10900000000 11000000000 11100000000 11200000000 11300000000 11400000000 11500000000 11600000000 11700000000 11800000000 11900000000 12000000000 ];
S(1,:,:) = [     1.264447E-01 -     9.831508E-01i,     4.684844E-02 +     2.689797E-02i;    4.684826E-02 +     2.689856E-02i,     8.006266E-01 -     5.927555E-01i];
S(2,:,:) = [    -3.365953E-02 -     9.883684E-01i,     5.678227E-02 +     2.427561E-02i;    5.678244E-02 +     2.427631E-02i,     7.574533E-01 -     6.456600E-01i];
S(3,:,:) = [    -1.964694E-01 -     9.663211E-01i,     6.737953E-02 +     1.963257E-02i;    6.738008E-02 +     1.963322E-02i,     7.096076E-01 -     6.963449E-01i];
S(4,:,:) = [    -3.570334E-01 -     9.154812E-01i,     7.836487E-02 +     1.261648E-02i;    7.836577E-02 +     1.261693E-02i,     6.569701E-01 -     7.444121E-01i];
S(5,:,:) = [    -5.097029E-01 -     8.353041E-01i,     8.935369E-02 +     2.882190E-03i;    8.935486E-02 +     2.882295E-03i,     5.994312E-01 -     7.894029E-01i];
S(6,:,:) = [    -6.483503E-01 -     7.265193E-01i,     9.984016E-02 -     9.879591E-03i;    9.984143E-02 -     9.879911E-03i,     5.368997E-01 -     8.307899E-01i];
S(7,:,:) = [    -7.667101E-01 -     5.913679E-01i,     1.091929E-01 -     2.590763E-02i;    1.091941E-01 -     2.590837E-02i,     4.693142E-01 -     8.679677E-01i];
S(8,:,:) = [    -8.588274E-01 -     4.337277E-01i,     1.166610E-01 -     4.533230E-02i;    1.166620E-01 -     4.533340E-02i,     3.966576E-01 -     9.002429E-01i];
S(9,:,:) = [    -9.195684E-01 -     2.590776E-01i,     1.213907E-01 -     6.813854E-02i;    1.213913E-01 -     6.813983E-02i,     3.189763E-01 -     9.268247E-01i];
S(10,:,:) = [    -9.451223E-01 -     7.427306E-02i,     1.224520E-01 -     9.413355E-02i;    1.224522E-01 -     9.413485E-02i,     2.364043E-01 -     9.468155E-01i];
S(11,:,:) = [    -9.334141E-01 +     1.128582E-01i,     1.188716E-01 -     1.229223E-01i;    1.188715E-01 -     1.229234E-01i,     1.491943E-01 -     9.592025E-01i];
S(12,:,:) = [    -8.843543E-01 +     2.940520E-01i,     1.096673E-01 -     1.538906E-01i;    1.096670E-01 -     1.538915E-01i,     5.775791E-02 -     9.628521E-01i];
S(13,:,:) = [    -7.998854E-01 +     4.611942E-01i,     9.387876E-02 -     1.861934E-01i;    9.387845E-02 -     1.861940E-01i,    -3.728333E-02 -     9.565104E-01i];
S(14,:,:) = [    -6.838291E-01 +     6.068664E-01i,     7.059439E-02 -     2.187397E-01i;    7.059421E-02 -     2.187401E-01i,    -1.350326E-01 -     9.388115E-01i];
S(15,:,:) = [    -5.415796E-01 +     7.247781E-01i,     3.897646E-02 -     2.501680E-01i;    3.897648E-02 -     2.501682E-01i,    -2.342361E-01 -     9.083024E-01i];
S(16,:,:) = [    -3.797189E-01 +     8.100438E-01i,    -1.705884E-03 -     2.788025E-01i;   -1.705687E-03 -     2.788028E-01i,    -3.331816E-01 -     8.634942E-01i];
S(17,:,:) = [    -2.056343E-01 +     8.593091E-01i,    -5.201904E-02 -     3.025868E-01i;   -5.201876E-02 -     3.025872E-01i,    -4.295792E-01 -     8.029543E-01i];
S(18,:,:) = [    -2.720112E-02 +     8.707724E-01i,    -1.122592E-01 -     3.189985E-01i;   -1.122590E-01 -     3.189991E-01i,    -5.204307E-01 -     7.254638E-01i];
S(19,:,:) = [     1.474412E-01 +     8.441694E-01i,    -1.822690E-01 -     3.249616E-01i;   -1.822689E-01 -     3.249622E-01i,    -6.019075E-01 -     6.302690E-01i];
S(20,:,:) = [     3.100332E-01 +     7.808017E-01i,    -2.611454E-01 -     3.167962E-01i;   -2.611454E-01 -     3.167968E-01i,    -6.692829E-01 -     5.174594E-01i];
S(21,:,:) = [     4.523279E-01 +     6.836768E-01i,    -3.468171E-01 -     2.902765E-01i;   -3.468172E-01 -     2.902768E-01i,    -7.170026E-01 -     3.884955E-01i];
S(22,:,:) = [     5.663259E-01 +     5.577861E-01i,    -4.355069E-01 -     2.409087E-01i;   -4.355069E-01 -     2.409088E-01i,    -7.390213E-01 -     2.468622E-01i];
S(23,:,:) = [     6.447721E-01 +     4.104673E-01i,    -5.211715E-01 -     1.645734E-01i;   -5.211713E-01 -     1.645734E-01i,    -7.295735E-01 -     9.872940E-02i];
S(24,:,:) = [     6.820583E-01 +     2.516646E-01i,    -5.951518E-01 -     5.865242E-02i;   -5.951513E-01 -     5.865242E-02i,    -6.845037E-01 +     4.666588E-02i];
S(25,:,:) = [     6.755534E-01 +     9.374119E-02i,    -6.464222E-01 +     7.638663E-02i;   -6.464215E-01 +     7.638641E-02i,    -6.030890E-01 +     1.773767E-01i];
S(26,:,:) = [     6.270897E-01 -     4.957240E-02i,    -6.628848E-01 +     2.353107E-01i;   -6.628840E-01 +     2.353102E-01i,    -4.898737E-01 +     2.803309E-01i];
S(27,:,:) = [     5.439396E-01 -     1.653075E-01i,    -6.338843E-01 +     4.071358E-01i;   -6.338837E-01 +     4.071351E-01i,    -3.555668E-01 +     3.442529E-01i];
S(28,:,:) = [     4.384252E-01 -     2.440810E-01i,    -5.534268E-01 +     5.757953E-01i;   -5.534263E-01 +     5.757946E-01i,    -2.159526E-01 +     3.631780E-01i];
S(29,:,:) = [     3.257202E-01 -     2.825094E-01i,    -4.227796E-01 +     7.228845E-01i;   -4.227793E-01 +     7.228839E-01i,    -8.853352E-02 +     3.389728E-01i];
S(30,:,:) = [     2.204218E-01 -     2.839298E-01i,    -2.510082E-01 +     8.317110E-01i;   -2.510079E-01 +     8.317104E-01i,     1.198056E-02 +     2.813325E-01i];
S(31,:,:) = [     1.333571E-01 -     2.569426E-01i,    -5.299002E-02 +     8.909112E-01i;   -5.298970E-02 +     8.909106E-01i,     7.729791E-02 +     2.050323E-01i];
S(32,:,:) = [     6.997590E-02 -     2.125391E-01i,     1.541040E-01 +     8.961118E-01i;    1.541042E-01 +     8.961112E-01i,     1.067525E-01 +     1.257821E-01i];
S(33,:,:) = [     3.066422E-02 -     1.612213E-01i,     3.541952E-01 +     8.493590E-01i;    3.541953E-01 +     8.493585E-01i,     1.060423E-01 +     5.656619E-02i];
S(34,:,:) = [     1.229783E-02 -     1.111600E-01i,     5.343938E-01 +     7.571861E-01i;    5.343938E-01 +     7.571857E-01i,     8.460774E-02 +     5.616419E-03i];
S(35,:,:) = [     1.006427E-02 -     6.760966E-02i,     6.856355E-01 +     6.284632E-01i;    6.856356E-01 +     6.284631E-01i,     5.291176E-02 -     2.391737E-02i];
S(36,:,:) = [     1.889336E-02 -     3.321624E-02i,     8.023405E-01 +     4.727500E-01i;    8.023407E-01 +     4.727501E-01i,     2.036781E-02 -     3.316502E-02i];
S(37,:,:) = [     3.429173E-02 -     8.714784E-03i,     8.816846E-01 +     2.993268E-01i;    8.816851E-01 +     2.993270E-01i,    -5.893905E-03 -     2.623293E-02i];
S(38,:,:) = [     5.266902E-02 +     6.348775E-03i,     9.228784E-01 +     1.167604E-01i;    9.228791E-01 +     1.167604E-01i,    -2.153625E-02 -     8.830468E-03i];
